60
At the Speed of Light
https://github.com/Alex-Cuber/test/raw/refs/heads/main/Music/At%20the%20Speed%20of%20Light.OGG
0
0000
0000
0000
0000
0000 C,128,0,0,0.50|T,1,0.50,2,BG Color
0000
0000
0000
0000
0000
0000
0000
0000 C,0,128,0,0.50
0000
0000
0000
0000
0000
0000
0000
0000 C,0,0,128,0.50
0000
0000
0000
0000 C,0,0,0,0.50
0000
0000
0000
0000 P,128,0,0,0.50|T,1,0.50,0.50,Pulse
0000
0000
0000
0000 P,0,128,0,0.50
0000
0000
0000
0000 P,0,0,128,0.50
0000
0000
0000
1000 A,0.50,0.50|T,1,0.50,0.50,Alpha
0100
0010
0001
0001 A,1,0.50
0010
0100
1000
0000 G|T,1,0.50,0.50,Ghost
1000
0100
0010
0001 G
0000
0000
0000
0000 S,5,0.50|T,1,0.50,0.50,Shake
0000
0000
0000
0000 Z,-32,0.50,1|T,1,0.50,0.50,Zoom
0000
0000
0000
0000 Z,32,0.50,1
0000
0000
0000
0000 Z,0,0.50,1
0000
0000
0000
0000 T,0,0.50,0.50,Text Font 1
0000
0000
0000
0000 T,1,0.50,0.50,Text Font 2
0000
0000
0000
0000 t,127,0,0,0.50|T,1,0.50,1,Tint Shader
0000
0000
0000
1111
